4294967293,131
4294967293,130
4294967293,129
4294967293,128
4294967293,127
4294967293,126
4294967293,125
4294967293,124
4294967293,123
4294967293,122
4294967293,121
4294967293,120
4294967293,119
4294967293,118
4294967293,117
4294967293,116
4294967293,115
4294967293,114
4294967293,113
4294967293,112
4294967293,111
4294967293,110
4294967293,109
4294967293,108
4294967293,107
4294967293,106
4294967293,105
4294967293,104
4294967293,103
4294967293,102
4294967293,101
4294967293,100
4294967293,99
4294967293,98
4294967293,97
4294967293,96
4294967293,95
4294967293,94
4294967293,93
4294967293,92
4294967293,91
4294967293,90
4294967293,89
4294967293,87
4294967293,86
4294967293,85
4294967293,84
4294967293,83
4294967293,82
4294967293,81
4294967293,80
4294967293,79
4294967293,78
4294967293,77
4294967293,76
4294967293,75
4294967293,74
4294967293,73
4294967293,72
4294967293,71
4294967293,70
4294967293,69
4294967293,68
4294967293,67
4294967293,66
4294967293,65
4294967293,64
4294967293,63
4294967293,62
4294967293,61
4294967293,60
4294967293,59
4294967293,58
4294967293,57
4294967293,56
4294967293,55
4294967293,54
4294967293,53
4294967293,52
4294967293,51
4294967293,50
4294967293,49
4294967293,48
4294967293,47
4294967293,46
4294967293,45
4294967293,44
4294967293,43
4294967293,42
4294967293,41
4294967293,40
4294967293,39
4294967293,38
4294967293,37
4294967293,36
4294967293,35
4294967293,34
4294967293,33
4294967293,32
4294967293,31
4294967293,30
4294967293,29
4294967293,28
4294967293,27
4294967293,26
4294967293,25
4294967293,24
4294967293,23
4294967293,22
4294967293,21
4294967293,20
4294967293,19
4294967293,18
4294967293,17
4294967293,16
4294967293,15
4294967293,14
4294967293,13
4294967293,12
4294967293,11
4294967293,10
4294967293,9
4294967293,8
4294967293,7
4294967293,6
4294967293,5
4294967293,4
4294967293,3
4294967278,311
4294967278,124
4294967278,308
4294967278,307
4294967278,118
4294967278,116
4294967278,115
4294967278,114
4294967278,113
4294967278,108
4294967278,105
4294967278,103
4294967278,306
4294967278,97
4294967278,95
4294967278,94
4294967278,93
4294967278,92
4294967278,303
4294967278,302
4294967278,86
4294967278,84
4294967278,83
4294967278,81
4294967278,80
4294967278,79
4294967278,299
4294967278,73
4294967278,298
4294967278,71
4294967278,70
4294967278,297
4294967278,68
4294967278,65
4294967278,295
4294967278,62
4294967278,294
4294967278,59
4294967278,58
4294967278,292
4294967278,52
4294967278,291
4294967278,50
4294967278,49
4294967278,290
4294967278,47
4294967278,289
4294967278,44
4294967278,288
4294967278,41
4294967278,287
4294967278,38
4294967278,37
4294967278,286
4294967278,285
4294967278,31
4294967278,284
4294967278,29
4294967278,28
4294967278,283
4294967278,26
4294967278,282
4294967278,23
4294967278,21
4294967278,18
4294967278,281
4294967278,17
4294967278,16
4294967278,280
4294967278,10
4294967278,278
4294967278,8
4294967278,7
4294967278,6
4294967278,5
4294967278,277
4294967279,124
4294967279,119
4294967279,117
4294967279,116
4294967279,115
4294967279,108
4294967279,106
4294967279,103
4294967279,98
4294967279,96
4294967279,95
4294967279,94
4294967279,86
4294967279,84
4294967279,81
4294967279,79
4294967279,76
4294967279,74
4294967279,73
4294967279,72
4294967279,71
4294967279,70
4294967279,65
4294967279,63
4294967279,62
4294967279,61
4294967279,60
4294967279,58
4294967279,55
4294967279,53
4294967279,52
4294967279,51
4294967279,50
4294967279,49
4294967279,44
4294967279,42
4294967279,40
4294967279,39
4294967279,37
4294967279,34
4294967279,32
4294967279,31
4294967279,30
4294967279,29
4294967279,28
4294967279,23
4294967279,289
4294967279,19
4294967279,18
4294967279,288
4294967279,16
4294967279,287
4294967279,285
4294967279,11
4294967279,9
4294967279,8
4294967279,7
4294967279,282
4294967294,81
4294967294,50
4294967279,13
4294967279,268
4294967278,539
4294967278,538
4294967278,279
4294967279,265
4294967279,342
4294967279,10
4294967278,262
4294967279,258
38,6
4294967279,284
38,5
4294967278,257
38,4
4294967279,259
38,3
38,2
38,1
4294967279,281
4294967278,537
4294967278,536
4294967279,257
4294967278,535
4294967278,312
4294967278,534
4294967278,128
4294967278,533
4294967279,341
4294967279,126
4294967278,532
4294967279,253
37,5
4294967278,254
37,4
4294967279,254
37,3
37,2
37,1
4294967278,253
4294967294,409
4294967294,400
4294967294,421
4294967294,151
4294967294,952
4294967294,956
4294967294,183
4294967294,398
4294967294,406
4294967294,416
4294967294,470
4294967294,108
4294967294,462
4294967279,340
4294967279,121
4294967278,120
4294967278,249
4294967294,1361
4294967294,1360
4294967279,118
4294967279,244
4294967279,245
4294967278,117
4294967278,243
4294967279,234
36,6
36,5
4294967278,236
36,4
4294967279,236
36,3
36,2
36,1
4294967278,234
4294967278,110
4294967278,231
4294967279,110
4294967279,231
4294967278,228
4294967278,107
4294967278,225
4294967278,222
4294967279,105
4294967279,221
4294967278,104
4294967278,219
4294967279,280
35,5
4294967278,216
35,4
4294967279,216
35,3
35,2
35,1
4294967278,214
4294967278,305
4294967279,339
4294967279,100
4294967278,531
4294967278,99
4294967278,304
4294967294,440
4294967294,389
4294967294,2
4294967279,210
4294967279,338
4294967279,97
4294967278,530
4294967278,96
4294967279,204
34,6
34,5
4294967278,204
34,4
4294967294,186
4294967294,84
4294967294,82
4294967279,205
34,3
34,2
34,1
4294967294,8
4294967278,203
4294967294,414
4294967278,529
4294967278,89
4294967279,337
4294967279,89
4294967278,301
4294967294,29
4294967294,28
4294967294,27
4294967294,26
4294967294,25
4294967278,528
4294967278,85
4294967279,336
4294967279,85
4294967279,335
4294967279,83
4294967278,527
4294967278,82
33,5
4294967278,194
33,4
33,3
33,2
33,1
4294967279,334
4294967279,80
4294967278,300
4294967279,333
4294967279,78
4294967278,526
4294967278,77
4294967279,332
4294967279,77
4294967278,525
4294967278,76
4294967279,331
4294967279,75
4294967278,524
4294967278,74
32,6
32,5
32,4
32,3
32,2
32,1
4294967279,330
4294967279,69
4294967279,329
4294967279,68
4294967278,523
4294967278,67
4294967279,328
4294967279,67
4294967278,296
4294967279,327
4294967279,66
4294967279,179
4294967278,522
4294967278,260
4294967278,64
4294967279,178
4294967279,326
4294967279,64
4294967279,177
4294967279,176
4294967278,521
4294967278,61
4294967279,172
4294967279,175
31,5
31,4
4294967279,173
31,3
31,2
